5
300 60
3 8
135 120 111 144 170 170 171 173 169
156 150 144 144 144 150 150 150 147
195 180 165 150 141 172 185 190 159
400 0
5 8
180 180 180 150 120 150 180 180 180 
315 315 315 300 300 300 300 300 315 
219 282 255 255 255 219 219 219 219 
228 222 204 246 255 228 228 228 228 
120 150 120 120 120 120 120 120 120 
450 0
7 10
405 405 345 345 315 345 345 345 345 405 405 
210 210 210 240 240 210 210 210 210 210 210 
270 225 225 225 225 225 225 292 270 270 270 
120 135 135 135 135 120 120 120 120 120 120 
210 210 210 210 210 210 210 210 210 270 225 
180 180 180 180 180 180 180 180 180 180 210 
180 126 120 120 150 150 150 180 180 180 180 
500 0
5 12
470 470 510 663 861 1119 1187 1210 1230 1230 1260 1270 1280 
1490 1490 1160 1200 1200 1200 1200 1410 1650 1860 1860 1860 1860 
260 270 260 260 260 260 260 260 280 280 280 280 280 
1420 1660 1660 1260 1260 1260 1260 1270 1270 1270 1270 1270 1270 
800 900 980 1040 1140 1240 1340 1340 1440 1540 1640 1880 2000 
600 40
8 8
125 125 125 125 125 115 110 110 125 
512 616 616 616 616 616 616 616 616 
660 660 660 575 575 575 660 660 660 
345 345 448 540 540 515 515 450 395 
425 425 425 425 425 500 500 500 425 
100 100 100 100 100 110 110 100 100 
870 850 906 906 906 906 860 860 870 
305 305 305 305 260 295 305 305 305 


